Matriz 1
9 5 8 5 2 3 0 0 5 2 
1 7 6 5 3 4 5 5 5 7 
4 2 6 8 1 4 6 7 0 5 
5 8 0 6 5 7 7 8 6 9 
1 4 7 3 7 3 8 5 6 8 
8 4 0 1 3 8 7 6 8 4 
0 1 2 8 0 3 5 6 4 3 
1 3 9 5 1 7 0 1 7 2 
9 7 4 3 4 7 2 8 3 3 
4 8 3 8 1 9 7 0 6 4 

Matriz 2
3 0 4 1 2 3 4 2 7 9 
1 2 7 0 1 2 1 5 2 9 
0 6 4 3 3 4 1 3 2 3 
9 0 3 8 5 1 2 5 8 0 
3 8 3 7 8 3 3 8 1 3 
6 5 4 6 2 6 5 4 9 8 
9 8 6 0 7 8 7 5 9 7 
4 8 0 9 9 1 8 2 0 9 
5 6 5 8 8 7 3 3 3 4 
2 4 9 0 0 2 8 3 3 2 

Resultado 2
130 127 179 145 134 137 111 141 179 204 
192 232 235 189 204 173 202 191 193 245 
205 192 178 180 189 140 201 159 214 222 
277 283 290 250 271 218 293 244 275 351 
211 293 252 206 253 208 235 218 201 252 
229 240 222 203 232 216 240 180 246 324 
186 153 128 174 174 116 153 121 163 150 
139 161 160 182 144 149 109 134 162 163 
186 215 204 211 208 165 211 184 212 328 
250 195 255 186 188 211 190 206 289 273 

